h2o_level=149.353958
h2o_stored=107.777747
ph_level=13.328732
ph_up_stored=137.411914
ph_down_stored=125.590040
ec_level=233.234834
ec_stored=94.271821
temp_measured=50.207043
flow_measured=111.524038
flow_target=80.000000
ph_target=7.000000
ec_target=60.000000
h2o_target=20.000000
temp_target=70.000000
ProductID=ABCD1234EFGH5678


