h2o_level=106.217532
h2o_stored=75.859796
ph_level=11.031548
ph_up_stored=134.709403
ph_down_stored=125.360296
ec_level=209.339536
ec_stored=72.900645
temp_measured=56.439469
flow_measured=125.703465
flow_target=80.000000
ph_target=7.000000
ec_target=378.000000
h2o_target=20.000000
temp_target=70.000000
ProductID=ABCD1234EFGH5678_
